global_step,episode_reward,episode_length
164,-468.94237288135605,164
300,-469.8043795620439,136
499,-462.9604982206407,199
699,-471.5151515151516,200
928,-466.82523364485996,229
1170,-466.62424242424265,242
1387,-462.2940594059408,217
1666,-453.07006802721116,279
1950,-445.381132075472,284
2294,-432.8375000000001,344
2491,-470.0105590062113,197
2691,-464.4444444444446,200
2829,-477.5462235649547,138
3209,-440.3569023569027,380
3303,-475.30909090909097,94
3577,-461.3622641509436,274
3713,-465.0170040485831,136
3965,-455.99584775086527,252
4267,-445.95091575091607,302
4440,-463.8648854961834,173
4523,-483.6086419753086,83
4710,-463.9554744525549,187
4971,-458.53243243243264,261
5244,-449.8092250922512,273
5404,-473.23684210526324,160
5675,-458.24754098360677,271
5975,-448.7279151943467,300
6237,-452.12592592592625,262
6334,-480.50291970802925,97
6575,-451.8566539923957,241
6831,-453.13623188405825,256
6937,-474.4989169675091,106
7202,-447.44861660079084,265
7365,-471.47241379310356,163
7613,-461.88609271523205,248
7850,-448.30317460317485,237
7972,-473.7384615384616,122
8232,-455.57746478873264,260
8468,-461.71074918566796,236
8678,-463.76094276094295,210
8971,-444.49434628975297,293
9092,-473.63846153846157,121
9178,-484.43081570996975,86
9351,-473.68629283489105,173
9461,-475.7887323943662,110
9536,-487.03216374269005,75
9757,-465.6736677115989,221
9899,-472.09473684210536,142
10173,-452.31467576791835,274
10244,-482.7944444444444,71
10436,-463.8366782006922,192
10666,-465.122186495177,230
10761,-478.8486590038315,95
10933,-473.99012345679023,172
11211,-453.2237288135596,278
11404,-458.4634980988595,193
11710,-432.3094017094019,306
11969,-460.32622950819695,259
12287,-444.38741258741294,318
12533,-460.41081081081103,246
12654,-475.19963099631,121
12891,-463.8993355481729,237
13140,-459.156055363322,249
13298,-461.17815126050436,158
13388,-481.50859106529214,90
13589,-462.7523297491041,201
13700,-473.07718631178716,111
13934,-458.18260869565245,234
14190,-460.2405228758172,256
14345,-470.0454545454546,155
10155,-471.5322033898306,156
10261,-476.58639455782316,106
10380,-473.70555555555563,119
10621,-460.97707641196035,241
10833,-461.12932862190837,212
11377,-412.0388888888884,544
11626,-463.4113268608416,249
11892,-460.15481727574775,266
12039,-469.56111111111113,147
12309,-460.75394321766584,270
12488,-466.3536082474228,179
12618,-475.3287671232877,130
12619,-495.98477366255145,1
12873,-456.4344827586209,254
13041,-467.6771929824563,168
13198,-465.3124031007753,157
13289,-475.889667896679,91
13496,-471.5670520231215,207
13626,-479.565349544073,130
13810,-470.63880597014935,184
14060,-455.4029304029306,250
14327,-455.2714285714288,267
14427,-477.62589928057554,100
14532,-477.49669966996703,105
14675,-473.06288659793825,143
14912,-459.1838709677422,237
15100,-467.07586206896565,188
15353,-465.73887147335444,253
15589,-456.6855018587363,236
15702,-474.39963099631,113
15972,-455.3276450511948,270
16394,-452.3449275362323,422
16626,-451.2000000000002,232
16905,-447.3139194139197,279
17023,-477.425,118
17423,-434.36619718309885,400
17618,-464.32758620689674,195
17791,-471.8454545454547,173
18076,-457.30258899676403,285
18297,-464.5920127795529,221
18732,-409.8967611336027,435
18891,-468.7985507246378,159
18992,-476.39213483146074,101
19098,-476.47030716723555,106
19196,-472.91475409836073,98
19330,-474.25409252669044,134
19437,-474.5989169675091,107
19602,-467.54895104895115,165
19710,-475.08571428571435,108
19988,-460.27588424437323,278
20051,-471.70880503144656,63
20071,-485.22147651006713,20
20099,-485.61786941580755,28
20141,-479.4650176678445,42
20223,-444.65484949832785,82
20324,-444.58275862068973,101
20444,-469.83132530120486,120
20464,-483.549815498155,20
20488,-484.1518248175182,24
20621,-493.62786885245896,133
20980,-477.61779141104296,359
21376,-411.475,396
21458,-461.3772575250837,82
21624,-416.98314176245196,166
22061,-13.84925373134316,437
22429,-27.27619047619059,368
22680,-17.71992619926197,251
23162,-493.02758620689644,482
23413,-17.74705882352939,251
23539,-451.166552901024,126
23766,-440.61044776119417,227
23970,-413.6038834951455,204
24787,172.21849529780954,817
25217,38.76100628930769,430
25468,-18.007801418439698,251
25719,-18.908049535603713,251
25970,-17.93154121863797,251
26221,-18.52105263157894,251
26683,-37.62857142857168,462
27020,-24.115335463258855,337
27975,75.23170731707643,955
28243,-453.723076923077,268
28365,-468.87870036101083,122
28791,-1.4607594936711366,426
29064,-368.04074074074026,273
29155,-471.48244514106585,91
29264,-454.72022471910117,109
29744,-384.8794326241129,480
29897,-384.7029850746265,153
30336,-221.0929824561402,439
31003,-189.6508196721336,667
31194,-423.3553191489357,191
31590,-300.4695652173905,396
31702,-435.85753424657537,112
33080,862.1999999999825,1378
33170,-445.90851735015775,90
34075,23.05932203388761,905
34190,-422.93911439114385,115
34342,-388.15081967213075,152
34531,-365.91492537313377,189
34653,-428.5763066202091,122
35265,-72.82790697674909,612
35920,32.10956175298156,655
36184,-16.753697749196096,264
36819,-104.59589041096342,635
36948,-432.0176470588234,129
37373,-191.98453608247462,425
38114,-138.45643564356942,741
39268,201.67317073169,1154
40140,-51.37445482866974,872
40271,-428.92491582491573,131
40466,-355.1643356643352,195
40582,-430.2440677966101,116
40742,-384.5121107266433,160
41179,-174.46923076923218,437
42137,904.1999999999881,958
42781,50.679365079359286,644
43473,269.6157894736777,692
44806,866.6999999999753,1333
46050,875.5999999999759,1244
46697,-93.00188679245724,647
47247,-160.35117056856473,550
47791,-93.64914675768387,544
48858,893.2999999999785,1067
49579,34.06438356163767,721
50320,8.681456953636314,741
51033,19.14368600681712,713
51179,-422.7272084805652,146
51432,-343.4818181818173,253
52554,887.7999999999802,1122
53743,338.39537366546347,1189
54570,94.06767676766515,827
55738,883.1999999999806,1168
55841,-429.11918819188185,103
56538,-174.96315789473772,697
57104,-53.053900709223285,566
57187,-442.32777777777784,83
57312,-426.67910447761176,125
57739,-247.04782608695444,427
58273,-71.64817518248418,534
59247,249.0285714285568,974
60405,884.19999999998,1158
61083,24.257761732844642,678
61289,-363.2573426573422,206
62689,859.9999999999819,1400
63026,-230.66969696969636,337
64128,889.7999999999804,1102
64237,-423.48741258741256,109
64381,-428.8981412639404,144
64848,-135.55017421602975,467
65484,-12.579591836738985,636
66282,192.58805970148046,798
66714,-186.79861591695567,432
66926,-344.1166666666659,212
67706,81.64912280700764,780
68061,-283.1340694006295,355
68171,-437.5734265734267,110
68283,-439.54890965732096,112
69339,228.3622641509296,1056
70203,201.36978417264856,864
70701,-183.8694006309163,498
70803,-430.2,102
71000,-374.0307086614167,197
71142,-429.0148148148146,142
72189,197.2480519480365,1047
72689,-91.66666666666902,500
73548,59.16172839505316,859
74318,97.24242424241697,770
74759,-226.87945619335318,441
75217,139.65454545454747,458
76348,351.8122807017355,1131
77591,875.6999999999757,1243
78305,36.991608391602654,714
79465,643.5818815330829,1160
80514,895.0999999999805,1049
81115,-98.28181818182264,601
81322,-370.1208494208488,207
82395,259.80963455148265,1073
82502,-417.67674418604645,107
82660,-366.0024291497971,158
82952,-277.4269503546086,292
83782,90.26732673266588,830
84207,-310.7539682539666,425
85332,887.4999999999798,1125
85433,-432.9070175438597,101
85898,-181.17492260061908,465
87049,360.76206896549775,1151
87768,-12.96463878327404,719
88511,-130.20062111802014,743
89582,346.1374100719237,1071
89702,-431.1919191919193,120
90424,-9.286092715237714,722
91633,347.45443037973337,1209
92186,-186.28591549295987,553
92661,-150.19360269360448,475
93622,455.18205128204204,961
93736,-435.74210526315795,114
93840,-435.23660130718963,104
94445,-70.24025974026307,605
95160,160.20731707316384,715
95330,-403.1209964412806,170
96621,870.8999999999791,1291
97411,-44.753424657539995,790
97621,-336.2173913043474,210
97884,-389.781228668941,263
98005,-423.86470588235284,121
99107,889.7999999999791,1102
99576,-115.16568265682855,469
100763,699.4818181817986,1187
101420,-5.840845070427747,657
101892,-193.54146341463365,472
101978,-430.7789883268483,86
102086,-415.3801526717557,108
102198,-432.9687074829932,112
102733,-124.01282051282192,535
103088,-264.5322580645152,355
103364,-314.7621621621611,276
104172,87.00821917807332,808
105681,845.8426710097424,1509
106463,35.51841155233967,782
106569,-432.6779220779221,106
107467,429.2311418685019,898
107577,-421.3942652329748,110
108036,-161.55836298932513,459
109126,344.57142857141025,1090
110024,158.47586206895198,898
111239,878.499999999981,1215
112607,863.1999999999729,1368
112807,-373.50318471337533,200
112913,-432.36870748299316,106
113818,519.1654275092816,905
115009,880.8999999999818,1191
115837,80.39444444443416,828
116011,-368.2064516129028,174
117118,889.2999999999814,1107
118342,659.7782178217661,1224
118729,-229.32499999999902,387
118796,-456.70000000000005,67
119511,9.981481481473338,715
119791,-394.4495114006504,280
121091,869.9999999999756,1300
121845,25.951351351345124,754
121973,-431.01561338289946,128
122552,-132.15742574257598,579
123836,871.599999999985,1284
124050,-338.60430107526815,214
124567,-219.35578635014934,517
125686,344.77870036099887,1119
126368,-31.037837837843597,682
126473,-427.16666666666663,105
127213,92.66666666666026,740
128792,799.4770491803022,1579
129951,884.0999999999808,1159
130059,-431.28929663608574,108
130181,-429.66031746031746,122
131244,893.6999999999802,1063
131794,-120.21739130434997,550
132791,181.2523809523667,997
133735,212.4965517241235,944
134910,882.4999999999818,1175
135573,-26.230313588856347,663
136238,26.783582089543643,665
137313,892.4999999999823,1075
138262,270.2685393258316,949
138822,-77.73913043478541,560
138924,-424.48571428571427,102
139952,347.0069498069312,1028
140690,84.28823529410965,738
140809,-438.50550458715605,119
141308,-120.29711191335991,499
141881,177.45609756097844,573
142394,-102.02463768116189,513
143493,890.0999999999799,1099
144998,830.0825242718201,1505
145250,-323.17979797979706,252
145785,-84.63553113553468,535
146543,87.20366300365538,758
147448,113.68006430867024,905
148352,102.43276450510496,904
149554,879.7999999999857,1202
150601,376.50300751877785,1047
151965,863.5999999999802,1364
153225,283.38511326858884,1260
154082,111.57891156461801,857
154609,-134.39934640523097,527
155303,62.78390804596927,694
155475,-388.7277777777773,172
156589,888.5999999999821,1114
156699,-424.97849462365593,110
157647,127.42222222220857,948
158070,-218.4006289308171,423
159287,878.2999999999781,1217
160243,-30.81594684386613,956
160924,-26.720689655179967,681
161856,357.5042253521014,932
161921,-442.5000000000001,65
162732,397.0021897810129,811
163845,888.699999999984,1113
164912,893.2999999999893,1067
166033,887.899999999981,1121
167251,664.1424920127627,1218
168044,370.88450184501,793
168679,244.4365079365062,635
168802,-431.1311688311688,123
169068,-411.07653429602794,266
169785,-18.829909365567346,717
171001,878.3999999999768,1216
171093,-443.3317365269462,92
171709,37.63664122136936,616
172433,28.974570446728535,724
173098,-38.0719063545198,665
173735,-126.20000000000618,637
174863,887.1999999999806,1128
175216,-262.8985663082424,353
176470,874.5999999999868,1254
176576,-437.51029900332236,106
177662,891.399999999984,1086
178811,885.0999999999781,1149
178900,-440.4960912052118,89
179828,141.20673400672035,928
179941,-437.22592592592605,113
180159,-373.5110266159687,218
181310,83.31269841268261,1151
182212,77.51159874607038,902
182296,-453.0064139941692,84
182434,-421.60141843971616,138
182979,-99.35049833887382,545
183108,-410.85918367346926,129
183906,344.63729903536114,798
185242,866.3999999999778,1336
186415,281.68989898987877,1173
186574,-392.5666666666665,159
187411,54.1737541528139,837
188283,175.86620209058094,872
188421,-430.4666666666666,138
189034,-27.73109540636426,613
190222,881.1999999999816,1188
190332,-430.4139194139194,110
191166,70.56825396824536,834
192454,871.1999999999766,1288
193723,873.0999999999858,1269
193880,-351.90689655172366,157
194896,665.1984189723192,1016
196075,882.0999999999865,1179
197170,890.4999999999808,1095
197635,-150.27358490566195,465
198732,890.2999999999861,1097
200006,328.97583892615285,1274
200328,-276.95524475524377,322
201653,867.4999999999785,1325
203208,844.4999999999793,1555
203573,-222.0123674911656,365
204795,340.25733788393734,1222
204904,-438.5729559748429,109
206053,885.0999999999841,1149
206345,-382.03018867924425,292
207657,667.5616099071043,1312
208822,883.4999999999795,1165
209995,882.6999999999798,1173
211064,893.0999999999864,1069
212379,868.4999999999787,1315
213287,110.49870129869043,908
214574,871.2999999999846,1287
215723,885.0999999999794,1149
216811,891.1999999999792,1088
218003,880.7999999999787,1192
218629,219.86753246753563,626
219880,874.8999999999849,1251
220016,-425.93766233766223,136
220670,237.90330330330463,654
221894,346.7780821917594,1224
223064,882.9999999999787,1170
223190,-416.65904059040565,126
223320,-436.07692307692315,130
223408,-441.42411347517736,88
223756,-281.59487179487064,348
224965,879.0999999999829,1209
225372,-193.33157894736974,407
226531,884.0999999999796,1159
227124,-79.57027027027374,593
228477,864.6999999999754,1353
229602,887.49999999998,1125
229701,-436.81029900332237,99
230477,22.399999999990655,776
231651,688.3553956834331,1174
232906,874.4999999999812,1255
234334,857.1999999999767,1428
235032,-52.33968253968703,698
236292,873.9999999999845,1260
237126,-98.46849315069096,834
238348,877.799999999986,1222
239228,153.93548387095655,880
239601,65.17349823321707,373
240005,-218.14086378737494,404
241161,884.3999999999843,1156
241697,-86.44671532846979,536
243005,869.1999999999792,1308
243432,95.23103448276052,427
244654,877.7999999999761,1222
245493,363.3843450479147,839
246677,346.8777777777551,1184
246778,-423.8931034482758,101
247799,500.54900662250407,1021
248692,461.9367491165982,893
249991,870.0999999999843,1299
250720,-66.68881987578385,729
251994,872.5999999999751,1274
253313,868.0999999999815,1319
254691,862.1999999999758,1378
255763,892.7999999999814,1072
256956,880.6999999999765,1193
258177,350.31379310342743,1221
258293,-427.38947368421043,116
259480,651.5702702702507,1187
260574,890.5999999999785,1094
261765,880.8999999999785,1191
262511,84.57602996253911,746
263628,888.2999999999805,1117
264772,885.5999999999832,1144
265812,651.6390977443426,1040
266982,882.999999999979,1170
268094,888.7999999999804,1112
269214,887.9999999999874,1120
269938,33.66060606059716,724
270704,26.733333333324254,766
271052,-239.02535211267457,348
272514,678.6407643311819,1462
273677,638.0859649122606,1163
274390,-320.52600619194686,713
275640,874.9999999999794,1250
276894,874.5999999999785,1254
277967,343.230035335672,1073
278682,316.3326996197642,715
279837,884.4999999999876,1155
280411,104.11202749141162,574
281777,863.3999999999734,1366
283012,876.4999999999766,1235
283513,-175.09999999999997,501
283996,-176.96449511400698,483
285143,885.2999999999795,1147
286228,891.4999999999793,1085
287430,879.799999999986,1202
287977,-71.55393258427301,547
289008,376.49183673467587,1031
290060,894.7999999999818,1052
291226,639.4975609755925,1166
292378,352.07272727270777,1152
293582,879.5999999999784,1204
294017,106.68315018315207,435
295278,873.8999999999834,1261
296090,386.4258992805662,812
297355,873.4999999999744,1265
298538,881.6999999999807,1183
299563,897.4999999999886,1025
300037,-184.386301369865,474
300773,247.93392330383253,736
301562,47.36262626261771,789
302789,877.2999999999852,1227
303556,58.4351351351271,767
304759,588.5607594936539,1203
305510,97.49786476867519,751
306579,893.0999999999805,1069
307054,-179.421824104235,475
308302,875.199999999978,1248
308689,-242.03333333333154,387
309885,880.3999999999793,1196
310773,60.10282131660392,888
311929,884.3999999999828,1156
313423,850.5999999999767,1494
314563,885.9999999999834,1140
315682,888.0999999999797,1119
316816,886.5999999999823,1134
318156,865.9999999999736,1340
319431,872.4999999999851,1275
320672,875.8999999999762,1241
321698,532.5351351351215,1026
321931,-349.5411347517721,233
323117,881.3999999999863,1186
324187,892.9999999999862,1070
325241,894.5999999999834,1054
325868,-129.04304207120117,627
327123,874.4999999999746,1255
327222,-436.07449664429544,99
327444,-382.41505376344026,222
328415,179.5666666666557,971
329806,860.8999999999829,1391
330646,65.6815286624086,840
331196,-108.63321799308187,550
331310,-411.7558718861209,114
332480,882.9999999999867,1170
333213,79.83653136530734,733
333498,-337.5614886731381,285
334648,884.9999999999786,1150
335768,887.9999999999869,1120
336937,883.099999999982,1169
337983,895.3999999999817,1046
338442,136.270542635661,459
338936,-150.07114093959854,494
340132,880.3999999999766,1196
341213,557.4518394648677,1081
342548,685.578947368399,1335
343848,869.9999999999743,1300
344591,93.58321167882445,743
344787,-360.8698412698407,196
345118,-23.57619047619054,331
346058,410.6728971962512,940
347147,891.099999999979,1089
347479,-263.19999999999845,332
348660,881.8999999999797,1181
349803,885.6999999999829,1143
350800,517.4617161716054,997
352038,329.68837209300784,1238
353094,894.3999999999876,1056
353743,226.76666666667003,649
354145,-169.29090909091065,402
354978,140.33636363635208,833
356158,881.9999999999778,1180
356810,-10.814035087727007,652
358066,874.399999999976,1256
359202,886.3999999999779,1136
360278,892.3999999999844,1076
360654,-255.95443037974485,376
361932,872.1999999999764,1278
362465,-117.489189189191,533
363578,888.6999999999814,1113
364847,873.0999999999756,1269
365605,321.02539682538986,758
366719,888.5999999999783,1114
367867,885.1999999999803,1148
368987,887.9999999999801,1120
370161,882.5999999999791,1174
370561,98.77551020408332,400
371557,119.14999999998713,996
372747,880.999999999987,1190
374033,871.3999999999787,1286
375528,805.3387096773994,1495
376756,877.1999999999827,1228
377695,443.3670807453284,939
378799,889.5999999999859,1104
380015,878.3999999999864,1216
381316,869.899999999976,1301
382547,876.8999999999767,1231
383605,894.1999999999796,1058
384583,902.199999999988,978
385695,888.7999999999819,1112
386902,879.2999999999861,1207
387324,91.36164383561832,422
387778,-161.31695501730184,454
389098,867.999999999974,1320
389543,-183.57284768211997,445
390204,0.4529010238829869,661
391213,899.0999999999874,1009
391314,-446.6079365079366,101
392463,885.0999999999846,1149
393615,884.799999999987,1152
394574,169.57231270356908,959
394776,-394.39354838709636,202
395832,894.399999999979,1056
397033,333.2333333333189,1201
398045,898.7999999999898,1012
399233,881.1999999999869,1188
400441,879.1999999999808,1208
401816,862.4999999999823,1375
402969,353.55813148787604,1153
404113,885.5999999999881,1144
405454,717.0326860841197,1341
406701,875.2999999999743,1247
407969,873.199999999975,1268
409037,893.1999999999862,1068
410162,887.4999999999815,1125
411352,681.7117437722247,1190
412467,888.4999999999801,1115
413717,874.9999999999853,1250
414953,876.3999999999851,1236
415970,898.2999999999846,1017
416814,96.24516129031542,844
417044,-334.64383561643774,230
418324,871.9999999999815,1280
419811,643.2075144508406,1487
419948,-414.4352941176469,137
421213,873.4999999999769,1265
422539,721.2961038960817,1326
423772,876.6999999999861,1233
424991,878.0999999999752,1219
426150,884.0999999999797,1159
427219,349.1439560439426,1069
428556,866.2999999999826,1337
429781,877.4999999999815,1225
430601,1.596214511030496,820
431502,155.5445993031242,901
432183,-82.47699680511607,681
433270,891.2999999999873,1087
434604,866.5999999999766,1334
435914,868.9999999999852,1310
437030,888.399999999984,1116
438186,884.3999999999826,1156
439351,883.4999999999804,1165
440482,886.8999999999822,1131
441675,880.6999999999787,1193
441230,876.8999999999812,1231
441736,-143.06575342465987,506
442871,886.4999999999794,1135
443960,891.0999999999816,1089
445228,873.1999999999797,1268
445980,98.48421052630556,752
446661,-26.01245791246538,681
446837,-378.4058608058603,176
448081,875.5999999999743,1244
449288,879.2999999999788,1207
450352,893.5999999999846,1064
451403,894.8999999999841,1051
452477,892.5999999999799,1074
453520,895.6999999999804,1043
454755,876.4999999999765,1235
455885,886.9999999999852,1130
457071,657.6237762237583,1186
458274,879.6999999999784,1203
458986,18.025589225581143,712
459427,134.08181818182013,441
460560,886.699999999983,1133
461798,876.1999999999815,1238
463210,858.7999999999754,1412
464514,869.5999999999736,1304
465795,871.8999999999739,1281
467101,869.3999999999762,1306
468304,879.6999999999781,1203
469385,891.8999999999859,1081
470414,897.099999999983,1029
471611,880.2999999999814,1197
472796,881.4999999999771,1185
473881,891.4999999999882,1085
474750,421.63242320817943,869
475622,171.42068965515932,872
476935,868.6999999999814,1313
478157,877.799999999977,1222
479415,697.7294117646892,1258
480577,883.7999999999789,1162
481588,549.2496503496379,1011
482704,888.3999999999819,1116
483808,889.5999999999874,1104
484382,-4.0403162055369535,574
485897,835.2986798679657,1515
487003,889.3999999999811,1106
488111,889.1999999999813,1108
489399,871.19999999998,1288
490532,886.6999999999788,1133
491879,865.2999999999736,1347
492868,901.099999999987,989
494217,865.0999999999782,1349
495354,886.2999999999839,1137
496529,882.4999999999776,1175
496735,-373.1179856115102,206
497783,895.1999999999817,1048
498729,905.3999999999864,946
498897,-393.9929824561401,168
499913,898.399999999981,1016
501102,881.0999999999814,1189
502240,886.1999999999787,1138
503386,885.3999999999811,1146
504667,871.8999999999838,1281
506018,864.8999999999747,1351
507206,881.1999999999814,1188
508213,899.2999999999869,1007
509452,876.0999999999802,1239
510641,611.739730639711,1189
511848,879.2999999999861,1207
512667,391.2543624160989,819
513789,887.7999999999837,1122
515049,873.9999999999851,1260
516166,360.3279720279537,1117
517257,890.8999999999801,1091
518719,694.4249999999772,1462
519053,-186.62580645161285,334
520201,885.19999999998,1148
521495,870.5999999999797,1294
522642,885.2999999999779,1147
522822,-511.6102236421725,180
524113,345.3408945686723,1291
525461,865.1999999999833,1348
526934,852.6999999999756,1473
527607,-29.885034013610152,673
528690,891.6999999999791,1083
529931,875.8999999999827,1241
530585,-28.23783783784279,654
531625,895.9999999999791,1040
532726,889.8999999999818,1101
532964,-334.20892193308464,238
534052,891.1999999999821,1088
535012,173.50354609928058,960
535689,74.8855513307908,677
536678,901.0999999999809,989
536837,-405.1617449664426,159
537691,6.861904761897506,854
538926,876.4999999999798,1235
539955,897.0999999999857,1029
541018,893.699999999981,1063
541858,86.06802721087661,840
543038,881.999999999984,1180
544236,880.1999999999775,1198
545468,876.7999999999794,1232
545557,-442.89339933993415,89
546734,635.5894736841918,1177
547917,881.6999999999772,1183
549135,878.1999999999778,1218
549620,-160.95674740484543,485
550700,891.9999999999862,1080
551844,885.5999999999779,1144
552910,343.9300353356725,1066
554089,882.0999999999862,1179
555412,867.6999999999766,1323
556441,897.0999999999873,1029
557586,885.4999999999786,1145
558829,875.6999999999849,1243
559912,891.6999999999878,1083
561411,663.9297872340213,1499
562453,895.7999999999818,1042
563468,898.4999999999866,1015
564189,225.51904761905135,721
565371,881.7999999999788,1182
566383,898.7999999999851,1012
567561,882.1999999999852,1178
568707,885.399999999987,1146
569845,886.1999999999773,1138
570847,899.799999999987,1002
572002,884.4999999999793,1155
573213,878.8999999999866,1211
574319,889.3999999999855,1106
575451,886.7999999999853,1132
576568,888.2999999999845,1117
577763,880.4999999999764,1195
578835,892.7999999999867,1072
580065,876.9999999999856,1230
581254,881.0999999999863,1189
582409,884.4999999999843,1155
583506,890.2999999999871,1097
584728,877.7999999999762,1222
585973,875.499999999982,1245
587124,884.8999999999775,1151
588268,885.5999999999835,1144
589522,874.5999999999771,1254
590652,886.9999999999874,1130
591794,885.7999999999865,1142
593133,866.0999999999815,1339
594352,878.0999999999774,1219
594440,-435.9523178807948,88
595545,889.4999999999808,1105
596735,880.999999999977,1190
597900,883.4999999999783,1165
599120,877.9999999999822,1220
600501,731.741269841246,1381
601552,894.8999999999819,1051
602527,449.9683544303669,975
603942,858.4999999999862,1415
604971,897.0999999999806,1029
606459,851.1999999999734,1488
607521,893.7999999999837,1062
608695,882.5999999999866,1174
609928,876.6999999999774,1233
611042,888.599999999981,1114
612098,894.3999999999818,1056
613205,889.2999999999855,1107
614382,882.2999999999771,1177
615738,864.3999999999758,1356
617170,856.7999999999837,1432
617470,-270.8759124087576,300
618511,895.8999999999821,1041
619512,899.899999999987,1001
620735,877.6999999999798,1223
621905,882.9999999999803,1170
623108,879.6999999999804,1203
624451,759.248387096757,1343
625037,-97.56103896104185,586
626223,881.3999999999776,1186
626697,131.91034482758832,474
627838,885.8999999999843,1141
629034,880.3999999999814,1196
630277,875.6999999999764,1243
630843,-82.19726962457821,566
631462,116.31782178218111,619
632530,893.1999999999797,1068
633495,204.8698630136845,965
634640,565.624223602467,1145
635864,877.5999999999862,1224
637013,885.0999999999807,1149
638339,867.399999999981,1326
639635,870.3999999999744,1296
640721,361.7703703703521,1086
641589,424.1489051094796,868
642729,885.9999999999828,1140
642830,-439.39292929292935,101
644128,678.2495356036992,1298
645333,879.4999999999768,1205
645691,-232.16963696369555,358
647175,851.5999999999784,1484
648407,876.7999999999762,1232
649491,891.5999999999814,1084
650787,870.3999999999792,1296
652011,877.5999999999814,1224
653245,876.5999999999779,1234
654452,879.2999999999751,1207
654897,106.37719298245813,445
656263,863.3999999999807,1366
657347,891.5999999999798,1084
658537,880.999999999986,1190
659671,886.5999999999796,1134
660996,867.4999999999837,1325
662163,883.2999999999784,1167
663293,886.9999999999885,1130
663465,-362.78823529411727,172
664728,873.6999999999782,1263
665858,886.99999999998,1130
666092,-340.60430107526804,234
666335,-297.73749999999916,243
667587,874.7999999999766,1252
668323,314.1551020408089,736
669338,336.22893772892576,1015
670382,895.5999999999805,1044
670921,-115.30350877193314,539
672365,332.5452449567457,1444
673543,882.1999999999789,1178
674584,895.8999999999819,1041
675660,277.92188552186724,1076
676733,892.6999999999838,1073
677870,886.2999999999826,1137
678997,887.2999999999781,1127
679724,24.258174904936936,727
680988,873.5999999999771,1264
682066,892.1999999999871,1078
683147,891.8999999999814,1081
684375,877.1999999999757,1228
685618,875.699999999985,1243
685708,-440.6546762589929,90
687165,720.7596273291668,1457
688532,718.2382716049148,1367
689024,-164.06486486486608,492
690259,876.4999999999818,1235
691502,548.0163841807752,1243
692867,863.4999999999859,1365
693935,893.1999999999795,1068
695143,879.1999999999779,1208
696291,885.1999999999806,1148
697594,869.6999999999856,1303
698367,125.88021201412607,773
699057,-27.20433436532892,690
699795,33.70853242319845,738
701184,669.7956521738895,1389
702482,870.1999999999738,1298
703725,875.6999999999798,1243
704949,877.5999999999768,1224
706084,886.4999999999774,1135
707142,894.1999999999821,1058
708276,886.5999999999841,1134
709510,876.5999999999855,1234
710690,570.8888888888719,1180
711085,60.15635738831751,395
712723,836.1999999999784,1638
713188,117.48713826366753,465
713917,234.34637681159532,729
715361,855.5999999999855,1444
716370,899.0999999999852,1009
717635,873.4999999999854,1265
718781,885.3999999999807,1146
719475,251.35471698112784,694
720523,895.1999999999864,1048
721682,884.0999999999792,1159
722902,877.999999999978,1220
723956,894.599999999984,1054
725054,890.1999999999834,1098
726177,887.6999999999781,1123
727349,882.7999999999807,1172
727438,-435.5666666666667,89
728551,888.6999999999816,1113
729751,879.9999999999862,1200
730199,133.77142857143065,448
731292,890.6999999999805,1093
732518,877.399999999982,1226
732944,80.42839116719429,426
734039,890.4999999999844,1095
735340,682.8032258064349,1301
736473,341.56111111109,1133
737214,308.6160493827096,741
738370,884.3999999999794,1156
739608,876.1999999999816,1238
740826,693.3815181517994,1218
742145,868.0999999999761,1319
743463,680.4866894197704,1318
744334,138.25211267604686,871
745345,898.8999999999824,1011
746518,882.6999999999799,1173
747761,671.0795379537792,1243
748991,876.9999999999795,1230
750132,885.899999999982,1141
751284,884.7999999999872,1152
752245,903.8999999999817,961
753553,644.6491017963855,1308
754661,889.1999999999847,1108
754768,-432.4687074829932,107
756429,833.8999999999762,1661
757767,319.1780564263072,1338
758948,881.8999999999774,1181
760092,885.5999999999805,1144
761215,887.6999999999799,1123
762300,891.499999999987,1085
763282,901.799999999989,982
764442,883.9999999999859,1160
765778,866.3999999999833,1336
766728,346.1764705882184,950
767711,299.1358974358858,983
768834,887.6999999999875,1123
770081,875.2999999999843,1247
771296,878.4999999999758,1215
772468,607.5386759581703,1172
773654,881.3999999999794,1186
774075,-148.84157303370915,421
775257,881.799999999977,1182
776634,862.2999999999814,1377
777864,876.9999999999817,1230
779116,874.7999999999773,1252
780144,897.1999999999872,1028
781226,891.7999999999889,1082
782226,899.999999999991,1000
783405,882.0999999999789,1179
783849,129.51304347826283,444
785064,878.4999999999804,1215
785880,131.66164874550986,816
786913,896.6999999999867,1033
788124,698.9692041522337,1211
789213,891.0999999999859,1089
790393,881.9999999999806,1180
791436,895.6999999999805,1043
792173,77.86794425086259,737
793445,872.7999999999856,1272
794041,-24.139007092202746,596
794609,-125.29315068493474,568
795776,883.2999999999791,1167
796985,879.0999999999872,1209
797768,278.38789808916385,783
798892,887.5999999999849,1124
799982,890.9999999999862,1090
800619,235.3654205607494,637
800870,-18.730573248407637,251
802031,883.8999999999786,1161
803146,888.4999999999803,1115
804309,883.6999999999882,1163
805251,282.6115942028887,942
806351,889.9999999999835,1100
806808,-206.76442577030798,457
807842,896.5999999999825,1034
808956,888.5999999999809,1114
810033,892.2999999999818,1077
811194,883.8999999999832,1161
812461,615.4203438395227,1267
813636,882.4999999999778,1175
814780,885.5999999999832,1144
816028,875.199999999986,1248
817093,547.4792387543123,1065
818324,876.8999999999771,1231
819505,881.8999999999863,1181
820514,899.099999999988,1009
821565,894.8999999999872,1051
821658,-438.35405405405413,93
822810,884.7999999999809,1152
824072,873.7999999999766,1262
825069,900.2999999999888,997
826251,881.7999999999863,1182
827479,877.1999999999766,1228
828522,895.6999999999879,1043
828935,101.5571428571448,413
829936,899.8999999999808,1001
164,-468.94237288135605,164
300,-469.8043795620439,136
499,-462.9604982206407,199
699,-471.5151515151516,200
928,-466.82523364485996,229
1170,-466.62424242424265,242
1387,-462.2940594059408,217
1666,-453.07006802721116,279
1950,-445.381132075472,284
2294,-432.8375000000001,344
2491,-470.0105590062113,197
2691,-464.4444444444446,200
2829,-477.5462235649547,138
3209,-440.3569023569027,380
3303,-475.30909090909097,94
3577,-461.3622641509436,274
3713,-465.0170040485831,136
3965,-455.99584775086527,252
4267,-445.95091575091607,302
4440,-463.8648854961834,173
4523,-483.6086419753086,83
4710,-463.9554744525549,187
4971,-458.53243243243264,261
5244,-449.8092250922512,273
5404,-473.23684210526324,160
5675,-458.24754098360677,271
5975,-448.7279151943467,300
6237,-452.12592592592625,262
6334,-480.50291970802925,97
6575,-451.8566539923957,241
6831,-453.13623188405825,256
6937,-474.4989169675091,106
7202,-447.44861660079084,265
7365,-471.47241379310356,163
7613,-461.88609271523205,248
7850,-448.30317460317485,237
7972,-473.7384615384616,122
8232,-455.57746478873264,260
8468,-461.71074918566796,236
8678,-463.76094276094295,210
8971,-444.49434628975297,293
9092,-473.63846153846157,121
9178,-484.43081570996975,86
9351,-473.68629283489105,173
9461,-475.7887323943662,110
9536,-487.03216374269005,75
9757,-465.6736677115989,221
9899,-472.09473684210536,142
10173,-452.31467576791835,274
10244,-482.7944444444444,71
10436,-463.8366782006922,192
10666,-465.122186495177,230
10761,-478.8486590038315,95
10933,-473.99012345679023,172
11211,-453.2237288135596,278
11404,-458.4634980988595,193
11710,-432.3094017094019,306
11969,-460.32622950819695,259
12287,-444.38741258741294,318
12533,-460.41081081081103,246
12654,-475.19963099631,121
12891,-463.8993355481729,237
13140,-459.156055363322,249
13298,-461.17815126050436,158
13388,-481.50859106529214,90
13589,-462.7523297491041,201
13700,-473.07718631178716,111
13934,-458.18260869565245,234
14190,-460.2405228758172,256
14345,-470.0454545454546,155
14523,-467.6207885304661,178
14703,-466.0968858131489,180
14960,-453.286206896552,257
15098,-468.17262357414455,138
15592,-429.7986710963455,494
15770,-471.13333333333344,178
16000,-460.93103448275883,230
16236,-467.3500000000002,236
16516,-452.46043165467654,280
16710,-466.59471947194737,194
16937,-462.4163120567378,227
17093,-475.3523219814242,156
17344,-459.80790378006895,251
17560,-461.7408450704227,216
17641,-479.5285714285714,81
17756,-477.1357388316152,115
17997,-458.40656934306594,241
18137,-471.2953736654805,140
18353,-472.1813953488373,216
18607,-466.4029498525076,254
18847,-460.8770764119604,240
19141,-449.81522491349506,294
19284,-474.82631578947377,143
19430,-469.61730103806235,146
19522,-481.3362229102167,92
19746,-456.4659340659343,224
20044,-430.8989010989013,298
20092,-474.9492537313433,48
20112,-483.75182481751824,20
20139,-477.877304964539,27
20179,-481.1863117870722,40
20207,-479.6211920529801,28
20579,53.70909090909165,372
21083,-517.066666666667,504
21238,-498.6081081081081,155
21315,-477.6248120300753,77
21635,-4.318339100346099,320
21886,-19.165281899109793,251
22137,-17.80072992700728,251
22388,-18.750793650793646,251
22639,-18.203448275862055,251
22890,-18.830407523510967,251
23141,-18.08245614035086,251
23392,-18.908049535603713,251
23643,-17.80072992700728,251
23894,-17.957142857142838,251
24145,-17.552830188679216,251
24396,-17.879783393501782,251
24647,-17.93154121863797,251
24951,-495.47936507936504,304
25425,-0.7527696793003873,474
25522,-455.93655913978506,97
25596,-455.54814814814824,74
25966,30.924528301886312,370
26054,-463.02535211267616,88
26243,-438.3139194139196,189
26637,36.64562737642531,394
27263,20.733333333332517,626
27698,36.995356037151154,435
28355,-335.7348432055737,657
28707,-367.91375464683927,352
29036,-327.36640316205467,329
29505,47.08496240601518,469
30028,-321.53076923076753,523
30576,33.553413654617756,548
31366,78.89473684210927,790
32101,152.41362126246128,735
32578,68.242028985509,477
33234,-197.1789473684214,656
33403,-428.66470588235296,169
33555,-435.0473282442749,152
34097,-277.2215827338108,542
34288,-420.33456790123444,191
34430,-409.11525423728807,142
34732,-357.31864406779584,302
35025,-440.01428571428596,293
36015,2.0452961672471073,990
36254,-403.0208791208786,239
36496,-425.5605442176866,242
37282,-49.82302158273449,786
37625,-417.03615635179034,343
37876,-17.66505576208176,251
38003,-426.67849462365587,127
38721,-162.27619047619265,718
40338,291.908247422668,1617
40565,-371.4972508591058,227
40667,-434.93118279569904,102
41112,-300.12700964630085,445
41686,-177.32619926199294,574
41924,-403.52508591065236,238
42186,-344.08079470198606,262
42469,-334.7516129032251,283
42727,-418.6571428571426,258
43026,-402.1627737226273,299
43449,-32.30000000000017,423
43801,-25.299009900990185,352
43895,-476.7913043478261,94
44995,-244.22818791946054,1100
45794,-215.61428571428985,799
46326,-148.9446808510649,532
47246,33.45454545453401,920
47402,-444.3925696594429,156
47616,-402.42893890675214,214
47853,-421.4635782747603,237
47972,-431.25483870967753,119
48065,-463.24736842105267,93
48257,-425.1561128526646,192
48531,-345.9328185328176,274
48681,-426.660777385159,150
49351,257.13793103447716,670
50691,648.7476038338473,1340
51597,66.54285714284708,906
51657,-455.820788530466,60
52507,28.475177304956787,850
52604,-435.625925925926,97
53205,-39.02720306513953,601
54414,879.0999999999789,1209
55132,-18.002531645576767,718
55702,-80.13167259786837,570
56054,-218.40610687022803,352
56453,-213.36938775510197,399
56791,-271.8952380952371,338
57365,207.90612244898188,574
57465,-437.2727272727274,100
57678,-361.8315614617935,213
58984,83.68571428569453,1306
59088,-415.7030303030303,104
59877,13.957142857137114,789
59977,-449.6551724137932,100
60084,-442.16417445482875,107
60194,-427.3636363636364,110
60348,-375.69411764705853,154
60451,-428.81851851851854,103
60973,-105.70553505535275,522
61411,97.6141414141432,438
61824,93.18275862069147,413
62320,-204.034250764526,496
63281,201.87979797978358,961
63694,-240.05776397515422,413
63902,-340.8692041522487,208
64253,41.528352490421206,351
64440,-381.75732484076383,187
64840,-225.43046357615862,400
65869,897.0999999999897,1029
67141,872.7999999999756,1272
67940,313.64838709676576,799
68051,-429.5397163120566,111
68282,-338.431010452961,231
69478,880.3999999999832,1196
70389,164.75284280935182,911
70824,-181.13066202090675,435
71529,273.4490445859809,705
72541,251.53972602738133,1012
72661,-431.7080291970801,120
73520,400.58648648647664,859
73631,-438.01029900332236,111
73814,-383.50376175548547,183
74589,133.52661596957103,775
75349,68.06779661016094,760
75892,-113.12352941176732,543
76009,-427.1929577464788,117
76914,363.07142857141656,905
77608,94.75094339621842,694
78389,96.99025270757284,781
78993,-60.40000000000299,604
79446,-177.05675675675712,453
79586,-396.3529411764704,140
80517,472.417241379297,931
81412,450.23509933773835,895
82503,418.2311897105951,1091
83486,360.54773662550167,983
83603,-431.57179487179496,117
84317,-82.23591331269779,714
85457,885.9999999999776,1140
86104,-75.04482758621117,647
86625,-143.79550173010512,521
87822,334.99255663428494,1197
88510,-39.78976109215836,688
88615,-435.1575342465754,105
89780,571.1876876876722,1165
90566,61.39999999999134,786
91606,895.999999999987,1040
91716,-439.80258899676386,110
92267,-130.48461538461743,551
92629,-231.85217391304224,362
92739,-433.2972972972974,110
92838,-438.91234567901245,99
93553,63.587719298235925,715
94150,77.22946058091577,597
95088,444.9096774193453,938
95186,-428.81408450704225,98
95960,360.72709030099566,774
96469,-84.23333333333727,509
97148,260.07427652732537,679
97738,-75.44736842105732,590
99120,670.4956521738903,1382
100324,879.5999999999792,1204
100442,-422.58066914498136,118
100982,-52.15498154981884,540
101775,22.5518518518453,793
102008,-318.9204379562034,233
103123,888.4999999999815,1115
103537,-190.3361702127661,414
104652,359.5144927536097,1115
105174,-75.27692307692644,522
105183,-489.49315589353614,9
106433,874.9999999999758,1250
107244,108.55517241378209,811
108226,901.7999999999894,982
108338,-400.51297709923654,112
109629,664.0034482758406,1291
109739,-427.0583941605839,110
110912,882.6999999999788,1173
111660,26.59860139859552,748
112501,127.09133574006296,841
112611,-429.4397163120567,110
113726,-52.67647058824991,1115
115089,863.6999999999763,1363
115654,-99.66546762590445,565
116469,352.04430379746015,815
116919,-122.35849056604053,450
117389,-176.87012987013054,470
118658,873.099999999977,1269
119825,883.29999999998,1167
119928,-427.28113207547165,103
120849,119.55644171778192,921
121385,-123.6636942675193,536
122496,620.192517006789,1111
123298,-4.148220064734403,802
123418,-434.3602484472051,120
123886,-101.51698113207874,468
124070,-382.7533123028386,184
124405,-256.2722772277217,335
125065,21.813620071677974,660
125629,181.4048780487833,564
126310,-55.196774193553495,681
127147,-83.70000000000903,837
128027,167.55555555554406,880
129066,896.099999999982,1039
129163,-431.4687074829932,97
130261,890.1999999999844,1098
131424,883.6999999999805,1163
132576,346.3384615384423,1152
133184,-141.92094395280407,608
133791,-15.897132616492854,607
134024,-371.5758620689646,233
135051,897.2999999999835,1027
135537,-172.78300653594863,486
135656,-433.72410423452766,119
136703,513.0474402730208,1047
137798,890.4999999999801,1095
138279,-124.74233576642467,481
138675,-249.5697885196359,396
139224,-107.71690140845254,549
140295,892.89999999998,1071
140650,-355.42337164750836,355
141750,889.9999999999858,1100
142737,113.01171171170108,987
142863,-422.94482758620677,126
143648,400.90074906366146,785
144764,224.41286173631772,1116
145313,107.81186440678212,549
145929,-121.84096385542438,616
146062,-435.41838006230535,133
146507,-152.13888888888965,445
147843,866.3999999999743,1336
147933,-438.48717948717956,90
148395,-190.0356164383569,462
148850,-123.68181818182103,455
149338,-155.94285714285957,488
150004,233.74129692833012,666
151252,875.1999999999773,1248
152531,872.0999999999852,1279
153664,886.6999999999804,1133
153955,-304.0196141479091,291
154855,363.2577903682619,900
154955,-437.15231788079484,100
155836,540.9322580645054,881
155951,-427.28947368421046,115
157139,881.199999999977,1188
157806,257.01794871794374,667
159119,328.8328903654316,1313
160371,669.9388888888681,1252
161519,885.1999999999794,1148
162543,309.13846153844645,1024
162723,-369.711026615969,180
163765,895.7999999999802,1042
164184,88.84204946996643,419
164308,-439.0055045871561,124
164877,-21.466929133861868,569
165484,-80.70000000000528,607
166100,84.09536423841352,616
167246,885.3999999999797,1146
168217,902.8999999999829,971
168810,-52.25774647887721,593
169198,77.98832116788485,388
169304,-425.1907473309608,106
169418,-439.74890965732095,114
170532,888.5999999999841,1114
171914,810.605460750826,1382
173228,868.5999999999801,1314
174308,352.854092526675,1080
174405,-413.2087719298245,97
175170,12.496763754036806,765
175642,-130.2258302583043,472
175814,-378.51386861313824,172
177008,880.5999999999798,1194
178375,863.2999999999811,1367
179397,190.90344827584624,1022
180740,697.4757009345551,1343
181504,81.03944636677545,764
182687,881.6999999999825,1183
182808,-413.24068441064617,121
184064,874.3999999999803,1256
185529,853.4999999999752,1465
185968,88.3580645161308,439
187057,891.0999999999875,1089
187475,97.98494623656094,418
188592,888.2999999999848,1117
189539,446.39589041094735,947
190352,76.5947368420949,813
191641,871.0999999999873,1289
191775,-435.7602484472051,134
192160,103.13090128755545,385
193255,890.4999999999783,1095
193750,-206.90740740740745,495
193886,-443.0478527607363,136
195024,886.1999999999827,1138
195125,-431.6017064846416,101
195834,-26.072413793111366,709
196626,63.41168384878927,792
197802,882.3999999999797,1176
199087,324.0423728813407,1285
199227,-425.86440677966107,140
199346,-432.47761732851984,119
200446,889.9999999999852,1100
200550,-442.35266272189364,104
201719,883.0999999999777,1169
202729,898.9999999999836,1010
203618,189.67142857141562,889
203755,-424.1477611940296,137
204978,877.6999999999783,1223
205580,39.79999999999325,602
206817,876.2999999999778,1237
207845,897.1999999999881,1028
209001,884.3999999999812,1156
209646,-44.50000000000625,645
210914,873.1999999999799,1268
212042,887.1999999999808,1128
213223,340.5206896551524,1181
214294,298.82334494771976,1071
214686,71.53825503355876,392
215856,882.9999999999824,1170
216834,234.41476510065638,978
217511,280.57586206895866,677
218104,18.824999999994134,593
219374,210.93103448274405,1270
220339,439.77760252364516,965
221707,863.1999999999755,1368
222387,231.0936555891269,680
223628,875.8999999999799,1241
224496,143.69645390070002,868
225312,45.066666666657284,816
226499,881.2999999999796,1187
227666,883.2999999999803,1167
228027,-191.13875968992238,361
229162,886.4999999999803,1135
229289,-424.67183098591534,127
230499,878.9999999999789,1210
230620,-420.8591240875912,121
230746,-422.34729241877244,126
231658,271.25353159850044,912
232930,872.799999999974,1272
234401,816.9522875816698,1471
235599,467.0263473053712,1198
235706,-430.69999999999993,107
236564,363.86442953019343,858
237722,884.1999999999804,1158
237973,-20.585327313769778,251
238085,-435.2506329113925,112
239342,874.2999999999755,1257
239828,-170.22162162162215,486
240927,890.0999999999805,1099
242050,887.6999999999884,1123
243193,885.6999999999804,1143
244376,881.6999999999776,1183
244712,-286.61204819276963,336
245067,-221.84686346863424,355
246194,887.2999999999803,1127
247265,892.8999999999868,1071
247480,-389.66720257234675,215
248822,865.7999999999813,1342
249227,-259.349840255589,405
249330,-432.3779220779221,103
250491,883.8999999999855,1161
250840,-216.5479400749063,349
251438,-185.56687116564717,598
252693,874.4999999999845,1255
253822,887.0999999999835,1129
254263,-200.04855305466276,441
255470,879.2999999999859,1207
256661,347.56666666665205,1191
257820,884.0999999999794,1159
257947,-423.8111111111109,127
258696,301.72337662337065,749
259542,406.74948096884907,846
260620,892.1999999999787,1078
262140,801.1249999999751,1520
262231,-426.9082191780823,91
262636,-207.16666666666657,405
263796,170.37770897831592,1160
264800,136.107936507923,1004
265556,16.236734693871085,756
266799,875.699999999977,1243
266973,-384.0666666666664,174
268276,822.5985507246199,1303
268878,-209.9005988023983,602
270135,874.2999999999762,1257
271321,712.9412186379744,1186
272424,340.7489510489331,1103
273629,879.4999999999769,1205
274776,885.2999999999811,1147
274861,-436.60457516339875,85
275472,-61.100000000006105,611
276683,878.8999999999862,1211
277487,210.1138339920874,804
278678,880.899999999979,1191
279175,-123.64366197183233,497
280343,356.4441471571687,1168
280765,-140.62519685039422,422
281714,221.3544169611174,949
282645,416.5774193548287,931
283209,-68.94480286738712,564
283314,-414.4999999999999,105
283405,-433.2379310344828,91
284536,886.8999999999828,1131
285793,874.299999999985,1257
286949,884.3999999999792,1156
287189,-344.4225352112668,240
287697,-48.898859315592745,508
288794,890.2999999999801,1097
289502,27.102097902092282,708
289579,-441.7277777777779,77
290781,697.0043010752509,1202
292073,870.7999999999839,1292
292990,908.2999999999888,917
293204,-301.99071729957734,214
294369,883.4999999999808,1165
295386,465.7846625766748,1017
295514,-426.59310344827577,128
296915,859.8999999999752,1401
297725,340.4046822742387,810
298378,18.616083916079333,653
299443,519.7626262626103,1065
300615,882.7999999999835,1172
302009,652.768674698775,1394
303047,896.1999999999874,1038
304322,221.62280701752104,1275
305651,867.0999999999739,1329
306518,156.98231046930425,867
308023,849.4999999999757,1505
308908,87.60062893080476,885
308909,-496.3825278810409,1
310182,872.699999999984,1273
311261,892.0999999999893,1079
312689,857.1999999999748,1428
313370,-91.17692307692647,681
314640,872.9999999999775,1270
315522,177.3172413792969,882
315749,-324.25642023346245,227
316595,207.55686274508548,846
317517,470.5240143369058,922
318744,877.2999999999855,1227
319775,896.8999999999841,1031
321022,340.93573883159263,1247
322266,875.5999999999777,1244
323401,348.9060150375741,1135
324433,896.7999999999873,1032
325612,882.0999999999817,1179
327143,846.8999999999713,1531
328181,112.86666666665326,1038
328594,90.53279742765442,413
329421,156.27058823528375,827
329811,-270.09243697478894,390
331028,878.299999999986,1217
331437,-387.3730290456414,409
332436,514.7179401993219,999
333554,888.1999999999847,1118
334676,887.7999999999831,1122
334747,-448.4680781758958,71
335688,57.79873417720353,941
336419,52.79928057553059,731
337115,-67.90508474576984,696
337241,-436.89022082018937,126
338308,893.2999999999863,1067
339019,31.639726027390793,711
339162,-405.6738019169327,143
340433,872.8999999999796,1271
341540,889.2999999999813,1107
342320,176.03225806450735,780
343502,881.7999999999809,1182
344530,897.1999999999791,1028
344971,-155.4074204947005,441
346151,357.7785467127894,1180
347155,899.5999999999818,1004
347301,-427.64347826086953,146
347911,219.12048192771405,610
349196,871.4999999999803,1285
350411,878.4999999999786,1215
351486,347.3611111110905,1075
352700,878.5999999999856,1214
353147,123.21044776119604,447
354325,882.1999999999769,1178
355328,899.6999999999806,1003
355786,-187.94046822742456,458
356362,-114.64697986577437,576
356792,112.55555555555753,430
358000,879.1999999999786,1208
358826,50.31139240505411,826
359981,884.4999999999789,1155
360743,365.4961130741972,762
361855,888.7999999999794,1112
363069,878.5999999999789,1214
364339,872.9999999999769,1270
365519,346.9122807017334,1180
366597,892.1999999999798,1078
367302,-97.72063037249677,705
368370,893.1999999999833,1068
368729,-193.98823529411726,359
369807,350.53333333331443,1078
370968,883.8999999999775,1161
371769,57.720512820505974,801
372976,879.2999999999859,1207
374335,864.099999999975,1359
375533,880.1999999999856,1198
376807,872.5999999999794,1274
377362,-17.950592885378626,555
378478,888.3999999999882,1116
379687,215.35730994150413,1209
379821,-424.66279863481213,134
380357,-132.73669064748555,536
381649,870.7999999999761,1292
382766,496.25454545452953,1117
382954,-361.1236514522815,188
383963,899.099999999987,1009
385141,882.199999999987,1178
386421,871.999999999975,1280
387494,249.84285714284613,1073
388197,-18.3519480519534,703
388919,294.68311688311104,722
390098,882.0999999999797,1179
390712,-24.086567164185567,614
391868,884.3999999999785,1156
391988,-423.76470588235276,120
393322,866.5999999999754,1334
393680,-243.11707317073058,358
394642,144.1846153846045,962
395833,880.8999999999842,1191
396992,884.0999999999801,1159
398119,207.23569131831118,1127
399450,866.8999999999841,1331
399661,-358.3881355932198,211
400769,889.1999999999872,1108
402034,873.4999999999746,1265
403202,883.1999999999854,1168
403306,-425.8929577464788,104
403955,58.67414448668569,649
405100,885.4999999999847,1145
406350,728.6585365853465,1250
407719,863.0999999999763,1369
408834,888.4999999999797,1115
409966,672.0112676056153,1132
411187,877.8999999999819,1221
412464,872.2999999999796,1277
413571,889.2999999999788,1107
414096,-91.53345724907393,525
414220,-414.83902439024394,124
415309,337.1431654676071,1089
416617,869.199999999979,1308
417690,592.3587030716538,1073
418787,890.2999999999815,1097
419183,-255.14252199413303,396
420208,897.4999999999897,1025
421540,694.7220779220555,1332
422644,889.5999999999805,1104
423832,881.199999999986,1188
424563,340.81941391940603,731
424971,87.01954887218234,408
426154,881.6999999999884,1183
427290,351.31228070173415,1136
427476,-325.0516129032252,186
428755,352.99171974519766,1279
429753,900.1999999999887,998
431179,857.3999999999816,1426
431980,16.774999999991792,801
433159,882.0999999999791,1179
434078,176.52105263156466,919
435053,514.1838487972384,975
436196,885.6999999999838,1143
437745,845.0999999999797,1549
438961,878.3999999999855,1216
440158,663.5167832167655,1197
440684,-58.21797752809351,526
441765,891.8999999999813,1081
443043,872.1999999999739,1278
444705,646.8563798219327,1662
445444,-48.2202416918513,739
446343,910.0999999999901,899
447021,-17.485534591202793,678
448250,667.4225806451457,1229
449122,94.76721311474364,872
450243,887.8999999999838,1121
451347,889.599999999987,1104
452552,666.4415807559941,1205
452661,-425.79361702127653,109
453382,248.48823529411465,721
454751,727.7864686468461,1369
455750,900.0999999999892,999
456994,875.5999999999848,1244
457904,184.86206896550323,910
458907,899.6999999999813,1003
460138,876.8999999999767,1231
460974,78.6950819672038,836
461127,-391.16206896551694,153
462308,881.899999999979,1181
463448,885.9999999999826,1140
464642,880.5999999999779,1194
465802,883.9999999999794,1160
467064,873.7999999999798,1262
468149,891.4999999999862,1085
469322,882.6999999999787,1173
470585,636.076237623746,1263
471819,876.5999999999802,1234
473006,881.2999999999765,1187
474343,866.2999999999752,1337
474849,-71.35471698113656,506
475854,899.4999999999902,1005
476980,887.3999999999811,1126
478145,883.4999999999773,1165
478952,436.54137931033426,807
479557,216.93902439024717,605
480774,354.88862876251915,1217
481941,359.65135135132925,1167
482982,895.8999999999892,1041
483656,-24.737883959051942,674
484798,885.7999999999812,1142
485244,-187.91210191082894,446
486417,882.6999999999871,1173
486595,-415.23589743589696,178
487704,889.0999999999801,1109
488840,886.3999999999799,1136
490007,883.2999999999789,1167
490802,274.9303797468284,795
492011,879.0999999999766,1209
492311,-294.1509433962252,300
493720,859.0999999999775,1409
494677,316.9984126984008,957
495943,873.399999999978,1266
497110,883.299999999978,1167
497348,-313.83558718861116,238
498587,876.0999999999859,1239
499852,341.9542586750614,1265
499934,-440.8241134751774,82
500838,411.2181229773351,904
500970,-395.342857142857,132
501658,11.619580419575584,688
502449,340.96269592475704,791
503519,892.9999999999818,1070
504584,893.4999999999826,1065
505777,471.45907590757645,1193
506145,56.38996415770702,368
507288,419.5983050847312,1143
508479,880.8999999999871,1191
509413,255.5208633093373,934
509546,-425.9213592233009,133
509764,-361.39044368600605,218
510954,880.9999999999816,1190
512153,880.0999999999764,1199
513135,221.79999999998813,982
514193,894.1999999999879,1058
515186,900.6999999999836,993
515999,100.6672131147451,813
516411,81.8283911671942,412
517571,883.9999999999812,1160
518350,381.6588235294038,779
519615,873.4999999999854,1265
520873,874.1999999999813,1258
521627,65.90434782608065,754
522760,886.6999999999798,1133
523973,878.6999999999862,1213
525138,883.4999999999839,1165
526263,352.77777777775646,1125
527498,876.4999999999761,1235
528143,69.08778625953664,645
529249,889.3999999999841,1106
530336,891.2999999999814,1087
531508,882.7999999999788,1172
531937,-148.84795539033598,429
532581,230.78072289156967,644
533684,580.7299003322108,1103
534897,878.6999999999811,1213
536146,875.0999999999801,1249
537487,649.8721254355179,1341
538568,891.8999999999801,1081
538644,-444.47707641196024,76
539629,901.4999999999899,985
540031,64.03452768729812,402
540988,211.86013745703087,957
541856,97.57499999999015,868
542782,534.2115942028871,926
543828,895.3999999999869,1046
545175,865.2999999999796,1347
546472,870.2999999999838,1297
547902,856.9999999999726,1430
548303,-189.5845360824747,401
549241,906.199999999982,938
549456,-338.3498168498163,215
549647,-359.09999999999957,191
550823,882.3999999999816,1176
552113,870.9999999999761,1290
553397,871.5999999999794,1284
554583,679.3094076654874,1186
555556,191.79090909089405,973
556733,882.2999999999813,1177
557862,887.0999999999785,1129
558957,890.4999999999833,1095
560342,861.4999999999726,1385
561452,888.999999999981,1110
562758,869.3999999999735,1306
563654,371.70952380951536,896
564553,483.52657342656335,899
565735,881.799999999979,1182
566242,-214.4168141592918,507
567454,878.7999999999855,1212
568566,888.7999999999801,1112
568940,-234.6789115646249,374
569899,904.0999999999832,959
570952,894.6999999999874,1053
571883,91.11052631578082,931
572821,391.4071005917062,938
573035,-342.82857142857074,214
573217,-369.55135135135106,182
574453,669.0421404682064,1236
575502,895.099999999989,1049
576620,888.199999999987,1118
576621,-493.77088607594936,1
577730,889.0999999999841,1109
578607,369.3552147239172,877
579831,499.30087976538084,1224
581090,874.099999999975,1259
582313,877.6999999999764,1223
583435,887.7999999999846,1122
584582,885.2999999999794,1147
585793,878.8999999999763,1211
586992,880.0999999999852,1199
587798,459.3239543726138,806
589017,878.0999999999773,1219
590339,867.7999999999737,1322
591364,897.4999999999832,1025
592665,869.8999999999763,1301
593353,-33.08571428571878,688
594597,875.5999999999823,1244
594848,-312.64578754578685,251
596189,865.8999999999832,1341
597046,165.202527075803,857
597598,-49.86192170818879,552
598071,-114.6758865248243,473
599182,888.8999999999794,1111
599841,246.20191082802324,659
600307,116.73333333333531,466
601406,890.0999999999856,1099
601874,153.20000000000198,468
603045,346.47615894038404,1171
603813,324.45391849529085,768
604136,-206.71860465116242,323
605215,892.0999999999867,1079
606511,870.3999999999747,1296
607758,875.2999999999743,1247
607865,-428.38292682926834,107
608261,-233.8675159235661,396
609308,895.2999999999876,1047
610462,884.5999999999785,1154
611345,357.85384615383725,883
611932,-83.95252525252948,587
612106,-386.31385767790215,174
613225,888.0999999999797,1119
614441,878.3999999999764,1216
615588,520.2693251533599,1147
616813,877.4999999999854,1225
617930,888.2999999999795,1117
618650,293.93059936907804,720
619082,122.18461538461722,432
620358,219.30553745926056,1276
620727,80.9861788617902,369
621794,893.2999999999864,1067
623059,873.4999999999799,1265
623599,-140.57243816254737,540
624807,879.1999999999856,1208
626048,875.8999999999756,1241
626879,132.22846715327444,831
627179,-285.8528428093631,300
628409,876.99999999998,1230
629382,902.6999999999828,973
630389,899.2999999999802,1007
631057,29.09041095889836,668
632270,878.699999999977,1213
633285,898.4999999999849,1015
634601,868.3999999999862,1316
635766,883.4999999999803,1165
636838,892.7999999999878,1072
638234,860.3999999999744,1396
638907,170.69126637553768,673
639343,-174.59630996310005,436
640669,867.3999999999796,1326
641820,331.91986754965546,1151
643010,648.0250896057158,1190
644005,222.86842105261678,995
645141,886.399999999983,1136
645899,65.64736842104378,758
647255,864.3999999999733,1356
648371,888.3999999999864,1116
649551,881.9999999999827,1180
650710,884.0999999999784,1159
651196,126.24662576687322,486
652350,537.197402597388,1154
653571,877.8999999999818,1221
654729,884.1999999999776,1158
655345,-30.234686346867306,616
655470,-433.1896551724137,125
655660,-374.82822085889524,190
656702,538.8976430976275,1042
657853,646.9689655172226,1151
659013,883.9999999999824,1160
660204,880.8999999999786,1191
661274,892.9999999999791,1070
662491,878.2999999999819,1217
663731,875.9999999999781,1240
664983,874.7999999999846,1252
666131,885.1999999999874,1148
667360,877.0999999999887,1229
668518,884.1999999999872,1158
669453,412.7499999999892,935
670583,886.9999999999794,1130
671664,891.8999999999834,1081
672790,887.3999999999813,1126
673991,879.8999999999827,1201
674423,107.33763440860406,432
675837,858.5999999999729,1414
677264,677.235691318305,1427
678551,871.2999999999788,1287
679067,-104.86460481099903,516
680248,881.8999999999791,1181
681032,-16.996491228074888,784
682567,846.4999999999833,1535
683414,162.74027303752882,847
683496,-425.18113207547174,82
684091,231.89072847682348,595
685011,468.65573770490676,920
686052,365.82481203005625,1041
686162,-429.6440677966101,110
687491,867.0999999999834,1329
688693,879.7999999999782,1202
689925,876.7999999999773,1232
690495,-99.37288135593656,570
691776,665.550793650773,1281
692737,903.8999999999877,961
693925,881.199999999986,1188
694009,-433.8237288135594,84
694734,328.19686411149075,725
695579,180.84296028879965,845
696828,875.0999999999858,1249
697968,885.999999999983,1140
698405,132.54521072797118,437
699478,892.6999999999802,1073
700606,887.1999999999797,1128
701974,863.1999999999746,1368
702167,-377.02357723577177,193
702578,96.44646840148876,411
703023,-116.99070631970488,445
704016,900.6999999999854,993
704981,903.4999999999837,965
705988,899.2999999999876,1007
707245,874.2999999999859,1257
707722,103.90349854227605,477
708636,457.09498327758195,914
709826,658.3972602739533,1190
710936,371.3321554770132,1110
712463,824.8641025640768,1527
713324,402.78888888887974,861
713774,139.2105263157916,450
715112,866.1999999999741,1338
716374,873.7999999999856,1262
717683,869.0999999999835,1309
718807,887.5999999999802,1124
720010,879.6999999999765,1203
721094,891.5999999999808,1084
722293,880.099999999986,1199
723373,891.9999999999793,1080
724529,884.399999999979,1156
725714,881.4999999999766,1185
726728,543.4275862068816,1014
727803,892.4999999999847,1075
728929,349.20555555553415,1126
730263,866.5999999999829,1334
731031,5.478481012650036,768
732060,897.0999999999817,1029
733489,857.0999999999807,1429
734582,890.6999999999807,1093
735075,138.20000000000235,493
735843,338.2326797385546,768
736892,895.0999999999808,1049
738003,888.8999999999849,1111
739086,575.0333333333176,1083
740355,873.0999999999822,1269
741032,229.2187675070055,677
741711,145.79294605808457,679
742782,892.8999999999872,1071
743531,300.91699346404596,749
744564,896.6999999999822,1033
745743,573.6887850467119,1179
746571,310.05714285713515,828
747128,-108.89148936170471,557
748293,883.4999999999802,1165
749378,891.4999999999809,1085
750386,292.3034482758454,1008
751506,887.9999999999794,1120
753216,828.999999999977,1710
753301,-435.58333333333337,85
754332,527.3347826086799,1031
754837,-140.60600706713905,505
756224,861.2999999999802,1387
757424,879.9999999999787,1200
758607,881.6999999999827,1183
759727,887.9999999999807,1120
760601,448.6824742267937,874
761787,881.399999999979,1186
762820,544.15762711863,1033
764077,691.0202572347065,1257
765331,874.5999999999808,1254
765914,12.56614173227922,583
766987,892.6999999999898,1073
768056,893.0999999999793,1069
768696,236.00000000000125,640
769965,873.0999999999739,1269
770942,902.2999999999892,977
771985,895.6999999999877,1043
773141,884.3999999999778,1156
774275,886.5999999999838,1134
775551,872.3999999999857,1276
776714,883.6999999999871,1163
777390,18.220895522380374,676
778625,876.4999999999785,1235
779230,226.18941979522495,605
779905,247.31481481481305,675
780318,72.33636363636536,413
781870,834.9639344262057,1552
783256,861.399999999979,1386
783623,-225.01168831168712,367
784503,126.76510067112997,880
785605,889.7999999999855,1102
786430,4.849397590353703,825
787755,867.4999999999777,1325
789043,871.1999999999776,1288
790066,897.6999999999866,1023
791191,887.499999999988,1125
792100,512.153435114493,909
793207,889.2999999999776,1107
793358,-384.51580756013715,151
794512,884.5999999999833,1154
794919,90.97259786477056,407
796092,656.2191637630476,1173
797351,874.0999999999773,1259
798455,357.9098591549099,1104
798876,-137.2417004048607,421
799055,-370.10125786163474,179
799176,-423.49240506329113,121
800368,880.7999999999788,1192
801511,885.699999999987,1143
802668,884.2999999999794,1157
802885,-335.38821292775594,217
803922,504.4504702194223,1037
805036,888.5999999999808,1114
805967,906.8999999999846,931
807117,884.9999999999822,1150
807274,-394.13137254901926,157
807831,-16.66654275093424,557
809078,875.2999999999804,1247
810106,533.5636363636231,1028
811460,864.5999999999827,1354
812249,-9.768167202580173,789
813307,607.9546468401329,1058
814482,882.4999999999791,1175
814847,74.17193675889487,365
815939,890.799999999988,1092
817072,886.6999999999815,1133
818251,882.0999999999792,1179
819396,885.499999999984,1145
820401,899.4999999999887,1005
821583,881.7999999999824,1182
822805,877.7999999999855,1222
823951,885.3999999999796,1146
824761,358.99999999999045,810
825216,144.09107806691654,455
826333,888.2999999999787,1117
827473,885.9999999999802,1140
828742,873.0999999999833,1269
829087,-284.4999999999985,345
830170,891.6999999999792,1083
831458,871.1999999999791,1288
832525,893.2999999999802,1067
832915,73.85266457680416,390
834190,335.5872483221251,1275
834982,336.424999999992,792
835981,513.0032258064401,999
836847,468.56014234874374,866
837991,885.5999999999844,1144
838704,-1.6797468354504872,713
839852,885.1999999999784,1148
840510,-39.13333333334003,658
841558,382.12810457514934,1048
842438,168.18374558302764,880
843676,876.199999999985,1238
844068,106.54898785425289,392
845489,857.8999999999794,1421
846625,686.3999999999816,1136
847812,692.9438356164187,1187
849106,646.1102040816145,1294
849310,-359.1096774193543,204
850570,873.9999999999769,1260
851693,887.6999999999869,1123
852896,879.6999999999858,1203
854064,883.1999999999848,1168
855297,822.6459459459224,1233
856359,893.7999999999887,1062
856487,-427.55409836065564,128
857014,-61.92509225092573,527
858376,863.7999999999727,1362
859530,563.3878787878593,1154
860765,876.4999999999803,1235
861846,891.8999999999793,1081
862799,904.6999999999895,953
863167,-260.1333333333316,368
863617,118.12056737588867,450
864663,895.3999999999796,1046
865098,117.54868913857868,435
866144,895.3999999999896,1046
866603,-109.33283582089877,459
867019,-200.85925925925926,416
868242,877.6999999999766,1223
868663,104.75314685314862,421
869811,885.1999999999857,1148
871001,880.9999999999784,1190
872009,899.199999999987,1008
873214,879.4999999999812,1205
874304,890.9999999999848,1090
875059,340.629032258057,755
875306,-347.4424749163869,247
876598,870.7999999999763,1292
877776,882.199999999987,1178
878906,886.9999999999791,1130
880241,866.4999999999773,1335
881285,895.5999999999847,1044
882309,477.21783439488945,1024
883654,816.8888888888627,1345
884064,95.88212927756835,410
885207,885.6999999999775,1143
886436,877.0999999999766,1229
887576,347.53846153844256,1140
888535,904.0999999999894,959
889745,878.999999999986,1210
890913,883.1999999999786,1168
891748,113.91697416973454,835
893038,870.9999999999847,1290
894167,887.0999999999785,1129
895319,884.7999999999802,1152
895320,-493.1795847750865,1
895539,-345.4294117647054,219
896645,889.3999999999853,1106
896761,-428.5435215946843,116
896843,-437.46045016077176,82
897803,903.9999999999894,960
899112,869.09999999998,1309
900194,891.7999999999836,1082
901450,874.3999999999845,1256
902656,879.3999999999777,1206
903701,895.4999999999806,1045
904904,879.699999999976,1203
906202,870.1999999999846,1298
907288,891.3999999999857,1086
908467,882.0999999999816,1179
908856,-214.30983606557322,389
909336,118.6666666666687,480
910431,890.4999999999809,1095
911249,104.20682593855429,818
911681,80.60952380952565,432
912886,879.4999999999762,1205
913112,-351.0789644012938,226
914284,882.7999999999819,1172
915498,878.5999999999788,1214
916579,891.8999999999855,1081
917725,284.0928104574954,1146
918537,149.01582733811802,812
919857,867.9999999999739,1320
920400,209.2379061371864,543
921626,877.3999999999787,1226
922727,889.8999999999853,1101
924125,818.3881533100811,1398
925349,877.5999999999793,1224
925574,-340.68181818181745,225
926857,871.6999999999742,1283
928203,657.6077922077696,1346
929421,824.9680608364773,1218
930608,881.2999999999765,1187
931348,38.45674740483855,740
932178,87.03367003365895,830
933252,892.599999999982,1074
934680,857.1999999999806,1428
935133,-165.1630136986314,453
936165,896.7999999999819,1032
937305,885.9999999999777,1140
938510,879.499999999976,1205
939567,894.2999999999865,1057
940828,873.8999999999795,1261
941515,4.253736654797649,687
941969,-127.14904942965916,454
943054,891.499999999984,1085
944231,882.2999999999877,1177
945432,879.8999999999777,1201
946554,349.06760563378236,1122
947662,284.47027027025104,1108
948816,884.5999999999791,1154
950019,879.6999999999857,1203
951231,878.7999999999782,1212
951854,-103.72011834319716,623
952555,58.05884476533561,701
953606,894.8999999999827,1051
954746,885.9999999999849,1140
955884,886.1999999999806,1138
957303,858.0999999999736,1419
958566,873.6999999999761,1263
959878,868.7999999999734,1312
960965,891.2999999999848,1087
961673,297.2781758957592,708
962910,876.299999999985,1237
964004,890.5999999999856,1094
965069,893.4999999999864,1065
966536,853.29999999998,1467
966633,-425.1411764705882,97
967922,727.2403508771696,1289
969250,689.7806451612729,1328
970621,671.7235294117474,1371
971805,881.5999999999863,1184
972842,896.2999999999889,1037
974013,882.8999999999818,1171
975069,894.3999999999864,1056
976293,665.1816993463838,1224
977292,900.0999999999808,999
978432,885.9999999999811,1140
979782,864.9999999999768,1350
980922,885.9999999999789,1140
982115,336.11401273882984,1193
983261,885.399999999977,1146
983899,211.20000000000283,638
985148,875.0999999999755,1249
986372,877.5999999999802,1224
987487,888.4999999999801,1115
988827,865.999999999979,1340
990029,879.79999999998,1202
991252,877.699999999986,1223
